1026420
825930
290870
575760
810740
2073470
677880
552350
718350
1709450
464230
1144900
1557480
1647430
1281400
372890
368080
572510
1374280
863490
856730
110630
567150
1365900
975470
1343040
545000
338190
513480
1089830
491010
523680
439460
296650
809890
3010
521710
1630940
340630
441670
837610
109500
687980
701100
286750
485120
417540
782630
1299400
607040
538950
502940
267360
12460
1345440
733420
542260
394850
763230
696760
841830
679400
1389360
646100
634120
316260
1050170
437530
1583840
1350540
465750
1053660
1853200
1953220
1682030
836440
816490
980940
1094010
34282
371450
1436280
810590
791320
539750
1753690
482390
513330
1179010
959000
1768790
699080
110600
288790
237760
407420
471770
1412580
889280
368570
1273250
408920
528460
765860
1143810
536950
1280780
562050
226780
1342790
1524690
499540
654260
720030
1086140
415920
1514730
1550630
1711530
1421410
612590
798590
1384990
753090
1136240
837720
514700
1769630
574180
1358430
1253190
1489600
491060
216210
1361020
1171950
1241500
1787600
1707650
849740
355530
458730
392000
299020
642830
1140890
1577320
289340
1575580
755580
388660
305960
1078320
1089630
1321350
1592670
1774390
644290
1931050
1035410
749800
1113680
516840
1093330
444180
338760
495030
1062000
1344950
840370
1983330
393660
461340
1508750
378750
1410840
1149090
335790
1626710
1081710
900010
431740
34272
388440
793000
536890
371900
71165
756190
1304790
623080
315130
757870
1283720
581660
1487440
705060
1788850
485660
1607970
562690
1741620
1555110
893570
444430
1956140
661190
1508360
290440
461780
670490
1680660
265810
1820560
281820
897440
1626040
1485630
704690
933450
312560
72900
1180030
249610
395250
756530
276730
372820
1356460
623880
618850
281580
264320
243060
504810
425460
99410
495520
624120
932500
1160560
273620
1635790
869060
759940
1323470
659500
1999140
968350
317060
1002920
522240
1285080
446550
463850
1032730
1829960
746710
241760
1644080
1490610
517370
235520
409660
1162570
386510
1278150
302570
1617030
775580
423900
1387590
697550
545980
562160
1550280
1429100
359340
664180
1800290
368650
407680
1756550
1731870
977500
1526330
839730
1522630
319740
891950
1620860
314330
422500
971680
315920
595270
1055610
1079830
1074610
1276170
2010390
1269300
763520
1486870
377430
1974040
497720
619600
623040
385020
1428100
893470
1221330
341150
909110
864940
1894450
1559790
529160
1090440
1411840
525540
1032590
654470
922400
978190
1335030
1102500
334480
921920
544990
371100
610730
448560
1099110
1344810
1490980
602430
1127840
460910
643620
1222940
786580
46350
720150
911880
1914700
734920
1197110
1440330
576410
541670
927080
1296720
821890
1120090
429330
836450
622380
499120
1782880
1415580
1528860
377570
1193510
801610
705710
294060
339700
1015790
816330
1673320
1330890
392970
1807750
720940
954350
392410
1579000
336300
1903220
1342250
597030
1787170
1033580
527190
1424900
1724510
1511780
15380
646890
699180
1547790
1497950
695920
924900
310970
497450
849350
342190
46710
299780
385220
567130
1032260
930620
1077210
317370
431200
591680
657050
802890
349260
1152830
308440
1151450
636560
467270
436530
370540
1436220
370590
1489840
1780840
872040
923840
1563110
31810
280320
251390
209950
508410
3500
1389430
302260
1024150
523890
404510
1984630
1756160
944770
625820
955470
527380
676760
356580
280540
444800
222500
1075200
642090
259830
383730
17180
1361440
1108630
1341200
1046230
893720
1995100
321830
1035890
579490
589620
363980
279560
239090
370300
420660
571880
1259640
1476430
994910
655160
396590
683940
483960
1663410
1502970
1098080
292660
1338250
329980
949690
270270
444580
496120
287840
1480600
366270
603350
459370
943290
429350
626510
1386110
977450
1015800
466980
211070
425600
872970
382380
1352590
1105530
327380
1413590
962170
1610790
1048350
1877460
1648100
446390
1667160
364380
616750
1599130
615780
1188630
504750
344800
1124260
821670
473510
1216880
1111760
370040
1003010
559960
457890
1417130
498700
810760
473810
708580
964570
1853850
250660
542400
744800
550080
909190
715060
570000
744440
1139100
844380
708680
427880
1120560
428110
1773200
666800
212780
726590
431640
887550
383100
1277970
576540
327920
519080
348740
924810
1474440
800280
789280
11360
981750
1154850
498360
1683300
1483780
427240
404170
259640
1994510
61730
547440
1141030
681780
820240
426290
1681520
857020
802730
1396380
905090
1064150
942510
1241370
994500
32770
312630
959890
1069220
342550
1918550
4460
554140
1728460
1884390
1411940
410130
615730
273800
1113880
1807370
573040
1449320
370800
881610
1915800
1100160
545960
440420
1702320
650580
542550
1461990
1390390
494290
1435310
975950
1454140
1749020
1970300
466350
986280
1499120
1382730
1074820
378630
552030
102810
346040
1578920
1405790
326840
786370
448310
422910
3340
351730
256070
1345050
406850
604060
1128480
1697250
714800
253570
58230
343840
502100
1598750
1720850
292200
1440670
839310
965180
663300
333490
1718740
1946300
1021100
379530
1648730
889080
444130
592660
470060
1058590
21030
816190
877080
323270
527800
1501390
620130
401840
1608780
596590
428830
623700
832540
867490
1002560
1141160
386990
503280
1950700
1077550
1064660
317290
1739910
250640
1348920
520010
930310
1550050
618760
262300
943140
71390
1120480
618490
459680
16300
420840
614860
618050
590720
532800
434660
1781590
341380
888800
376250
205080
1511670
489580
470210
837440
262770
545590
1046740
777650
879510
1095260
585900
1162680
355650
374380
942200
1272070
1477920
736570
463760
1373320
917240
1576720
485350
1388720
497780
898780
1336970
41600
313330
617700
574260
300360
977570
886450
1597730
359250
864860
521750
316030
848010
545470
637960
315540
353940
351090
1400450
361200
603100
513760
368220
1198400
265790
307430
1265240
525150
1551030
1113730
497260
1198590
352010
1054690
684870
627530
1509090
872600
312420
364450
495720
1049950
915160
455000
336710
525190
1210680
475070
865980
4470
577700
464540
851810
668590
1110690
1419200
312920
703880
1957990
595770
1541670
270490
1122090
590430
313210
722680
12510
888570
352620
914430
704470
893020
545150
490930
626600
1434160
298820
1631640
310070
231020
443420
1897410
1371540
1034900
1343330
1021690
494360
1528120
1081470
1768480
379980
1253180
763030
325370
1785510
833140
1403460
358380
485800
1775750
1734350
539690
337720
362090
504920
604150
955060
1519650
1378070
1751160
682350
271730
1682980
1054300
648890
1566430
1258590
460990
767100
857060
293460
1037960
1899400
352790
1383400
296240
258643
336080
303590
1565800
610560
1447020
777860
1622090
945610
1397650
1704640
1184590
296790
587470
1503180
555400
670900
1375400
1098150
1037480
1096300
848310
416790
1276470
1515470
635390
381050
715010
1376140
1414430
551450
336110
1076160
518720
321600
325210
352960
559130
979550
341640
409320
461490
388370
612250
485860
590370
281350
315330
1378390
1611410
1599150
615680
536040
408520
1814010
675810
576030
391410
616240
1930380
1123300
1447830
231910
494600
216090
1094080
895580
495800
736810
1159590
444140
395560
1022310
536490
1380690
429490
785880
448170
261680
1036930
16060
290260
603150
703310
685400
844040
848060
1020640
836790
1886600
1211990
1011390
308270
586950
893590
1311070
973390
1033450
1438700
1307580
1461540
990920
1370800
348540
1286140
553130
1913360
625370
337940
1197580
1008450
290060
1180840
899310
1311640
964650
414920
950370
856210
1286730
326150
372830
717050
1422150
770350
355760
652990
1525900
1035050
428080
589060
1224650
1044410
970800
293480
440470
337630
1170200
703920
462940
1544470
712810
360450
1680440
390730
1180970
407940
498330
844920
1971190
1782030
1251400
1290270
839630
954870
1513650
731590
985760
1909420
1801190
661450
1119630
581970
825240
1221540
768840
317970
1902120
1401150
283020
362150
493810
371550
1515260
1198760
1369520
1266820
394130
1341400
1344440
205070
468310
894340
395160
358240
1265820
1116230
1481970
982270
628080
1655410
1502080
882560
1922530
1013750
1433190
1300360
1085840
1819980
804210
1187940
223490
324070
364230
808870
790930
387850
1315900
549920
369890
418440
246300
1594400
293680
411970
1214400
1415250
1310590
264160
56438
593200
1379120
303830
433670
772500
940710
877360
1092040
1389560
438430
1044930
1173010
1091650
38230
1290920
70210
1532260
627410
535440
513490
529870
881510
295490
330460
701470
262210
1352560
376760
42940
1009030
914450
307620
306440
786680
964960
1116290
1629480
1234940
678760
485500
353330
483680
521920
462070
31800
487590
1516490
801340
373620
545040
1037130
351450
788930
841270
954530
96900
354960
386600
312980
1659800
1740000
318090
603400
469920
1324860
1549200
894110
1267170
1414180
673430
501210
1612550
1616690
762180
1787320
865850
792030
1336560
1059470
986800
292400
1515280
1297200
542120
33980
460160
1998420
576960
418610
368800
521730
1513740
1595000
1341830
401810
1071100
857470
1450750
1490970
1569520
992330
563180
303340
1356080
525370
402170
356790
962810
655910
363650
1180360
954270
1487160
396310
670160
1046300
307570
233410
1349920
1345080
490880
1741640
1356180
327930
630720
741450
1911640
1057740
894120
402120
343820
1115380
1124940
34800
1111450
1168000
1253570
951940
689090
1550510
928390
347710
783180
1392190
380670
1393610
1456880
259720
398960
1078040
1588870
439490
284970
444350
687870
1805670
597180
521100
1416720
1040550
915060
537700
1373550
777770
290380
490280
585970
436280
409920
454220
433790
1486630
494230
1485350
492430
303260
721940
458660
1409370
715840
982290
1107370
258950
1722780
42950
1283250
233510
1491340
361350
340440
628660
1958750
277630
390310
270760
835950
1173330
654660
8320
793240
321610
1714590
298830
1097300
465050
416630
1345900
73220
1625130
394480
667810
1163070
476650
488960
307170
1357400
1483600
347000
755570
1388010
448060
1703330
1256220
817660
1874780
1383290
1373240
369530
1569550
485080
1295270
530960
1149710
504430
522040
926170
697010
326230
1591310
820760
1574240
1033080
356420
602090
663110
1694600
1248650
1036580
656140
1481070
209360
1151310
208630
307760
1310770
1612030
590670
301730
1463470
851950
476670
263640
540230
1504740
1370170
301930
285110
603330
1874170
1460040
914290
860330
1516750
340800
447980
1041920
527470
639560
331760
576740
1342180
812560
1274340
297350
1336070
1612150
1293650
1250610
562480
1517190
783940
1021800
1249080
500170
521230
1410870
881420
1644390
824280
422020
1348180
1398270
454080
749550
993270
587970
1305610
269150
1394680
1480120
764300
918170
1378820
574590
1420580
467930
292880
1825620
767490
395270
865370
683600
707300
331970
770410
2018380
1341330
1955990
573080
257790
1492080
1440840
412540
345750
1058000
1535780
1522190
856370
494820
1321110
1373920
723760
562570
370310
1133120
667610
1422260
972890
311170
406170
1694620
368680
516040
929060
1995090
808770
976390
612610
1780110
1038240
1488380
1381720
591350
522130
1373260
1163910
1818880
1351450
307560
1514650
1233820
724350
463930
273030
323670
1099450
209750
1799570
1585050
1483310
1217930
1276660
589730
1425730
1417940
956590
465780
353610
1879000
1175570
467520
1331910
1707890
1558740
685680
1379930
341070
1217440
552160
982580
57400
671580
353990
368450
1552550
434480
1524790
1426530
1242980
840940
1706210
514080
757380
1203180
1114290
1361400
1538270
353260
563520
1384700
1353370
528720
475240
954170
1485050
837310
1091980
263520
1266630
437870
378110
1405670
1278930
549090
1405740
489660
809280
521800
610900
859340
1880980
1088110
1155300
850110
443570
762520
1793420
1022780
550390
1520570
409090
1121680
1559990
997380
540860
1284430
762080
1478590
1832380
620220
1176090
660520
771410
946600
557420
337970
1680670
538880
546220
1229090
1361430
331400
1142390
595420
12580
364350
816810
1166790
373970
680480
526140
883080
1213750
1303440
388900
1416160
1625280
92200
799810
1234360
365890
1299580
465840
65200
209610
1559100
454970
260650
890570
561080
402310
883390
496340
1255380
1843710
296930
723090
345430
268520
523640
247870
1841780
830510
356270
555850
291640
730550
341890
1590910
731720
669440
1724000
1201810
283920
932980
1540440
397820
343800
1808780
1025440
1608290
331980
395930
372190
226820
259430
1033100
718030
928460
512560
982380
1143440
635060
749430
520470
801880
1306840
985950
71167
608630
694680
951260
342500
307210
32730
1291240
574200
364670
34810
633440
373860
15930
839560
200190
337480
1434000
1458900
539300
666020
307940
1251850
1458920
434000
408990
1399040
576420
1356160
1253710
340860
1341980
1761450
1798970
1238480
1278290
1380010
709490
1129610
1109100
988240
1175360
752380
262490
725510
1366360
1537480
854940
448000
294660
265970
1652710
624550
1037910
785850
527700
760460
421260
547470
636450
372940
1813370
1012240
936160
1403230
792120
930780
856610
605200
1328490
1282240
419590
1111300
1254480
71160
1395120
1333910
812190
503210
1058840
1187920
1573710
1274800
394720
31820
292670
91810
1437870
305070
237350
31870
568580
465190
1582260
1028170
681140
994520
696180
1811780
730450
587100
348240
264060
608660
1011610
1069030
2064950
294390
1177400
1903280
433900
1425240
492870
1034200
1518810
1035560
839810
1004240
1350340
830370
454670
684250
1229390
2050680
375790
292300
801120
872090
303430
311850
1331610
394140
1233590
959150
497560
829940
1546630
1729090
977720
1494320
1114530
450250
357340
1225840
1557300
285960
666610
262900
1707720
1847500
402210
655780
524380
678920
1078420
1025960
1083870
342630
648600
1363350
448400
1099550
211970
1779200
1336060
314230
877260
552130
1243130
432310
418160
357030
486510
763090
1577940
1168470
793150
326650
1753730
1534180
1166830
713830
1530720
718320
512430
693300
1344820
390040
283000
1712570
616620
1129920
327390
1492000
32760
925440
1069230
1236070
38490
444520
1146510
357600
1704630
1362390
1037190
650510
469800
907160
866340
965820
1543320
574310
1013310
1477850
836260
283840
1145240
1914530
678520
742480
590850
868090
671650
1649830
488160
912820
1248100
611960
874770
1368000
1050000
991810
911220
1494910
581230
1573750
747590
1420650
1023980
1930360
1349940
1940370
12600
777590
729670
457450
368610
471170
1173380
855190
375250
624920
765870
531660
638000
887970
831570
550450
398120
440340
1236560
1130620
207670
989490
378480
809320
342350
980210
1134520
1754840
1497700
764920
655120
398620
399920
1728770
352140
845870
720670
824190
1554960
854570
1094730
835450
1323900
1093760
1879690
568440
673660
460510
869780
1843270
1346830
1383740
746140
357120
617610
334470
678090
1273260
611770
385310
499620
1663140
515980
632590
358960
1084480
625900
279420
1286340
636370
723420
467660
1786670
856440
393610
1632990
1138410
1413650
977650
1191900
1161870
1609440
899290
593670
590870
316240
446000
1800830
837040
886220
558450
686870
788670
323240
1230560
804730
789950
299340
1002290
695100
875780
335920
418120
1760420
288500
1056750
1358100
1516360
875790
1847240
388260
977050
654890
1937980
292480
2024790
1273010
1769320
1806570
1071700
1854050
913010
1733090
513820
340550
1060630
818210
1222050
757630
342520
544710
781610
1035610
882280
1591530
885140
743230
694500
573770
1220370
340470
264000
603700
777160
459470
826160
1646820
606180
386290
905690
1189060
739130
1033370
802650
389800
485560
1346010
1409520
607210
851920
1175390
436850
405720
1321070
979600
319850
1349130
1473640
1445700
282960
258240
1019450
463160
1791030
387870
695050
408440
1559300
40320
354180
1382920
663240
819020
970220
839300
1325380
1086630
612100
1376870
520610
1139840
824720
385230
284140
545570
319270
382090
906170
585020
321560
377520
749340
1748390
645830
708590
868070
827420
871200
1775500
285380
1072480
1478470
871190
1820720
663100
40500
1147130
745250
3230
595930
279160
585770
1644490
1786660
866140
320690
1921460
360390
1947530
865880
551520
1165960
1216220
448910
366180
387060
760800
1377540
703720
702110
23460
1693140
1027820
397570
318660
402880
1076300
904770
1291530
1528240
906920
539460
322930
1259390
1449140
477180
1744380
523730
1589860
528110
792640
681240
341030
428280
692100
1694320
717310
42930
372930
1236240
1043340
1517340
893950
1486620
302460
1146600
1491780
1367970
1623320
841030
320310
1335560
861270
401290
1232180
346140
926810
358650
798280
1338460
1373510
1058530
341730
751350
1508490
798950
352220
978800
296570
393200
913690
711440
1901370
1728960
1536080
1732740
283560
336940
1566590
675950
942930
1588530
1490330
1733890
110500
1503850
746920
1689910
612790
715580
1323410
896670
1172090
1341470
1954750
463020
1253520
806480
312050
27810
434980
1623880
488550
1533940
1600300
638200
1293820
994260
1479210
1119610
467210
817770
1712670
399070
1684240
29160
1511650
1031210
1151050
1273220
1482940
560710
696360
1381850
1232100
1806830
249550
317440
1584770
1414090
353070
424870
391820
1562940
260000
727570
1062070
1000470
599880
270330
459010
636930
1026400
568860
1668130
726320
1172980
1511240
671240
422110
315110
376520
717820
545860
933940
690370
1602700
456430
1856840
31840
395860
1019340
455690
393790
1257520
1269810
991260
511330
749270
496260
1672930
365860
676440
2050200
689900
396320
1817940
1142440
1553530
1337820
1425580
649770
1336450
299910
263140
294700
409070
588290
1080750
1215280
775900
890820
658510
692840
1279920
606510
614250
1387510
405540
837180
288880
1480370
1269050
1503540
1120960
416370
835650
1414930
898000
880550
1231900
328680
345120
1285510
1578070
358390
263700
931630
1541020
3420
1638920
422610
696490
1146300
1372670
1794960
1891930
1422380
513880
664460
1385950
1495640
521620
110610
913060
1051900
434500
665890
1258580
1159560
594300
12390
301920
1539360
742520
593560
1518990
1788120
566910
291050
1385180
1571890
1045590
610130
1633660
746350
1521670
1536720
1468280
697970
1454100
1028750
733050
337670
353980
1562860
514290
857940
991270
419500
1064340
513370
496760
581600
290320
43500
1586570
763770
334840
521660
459080
449060
1414700
913600
787170
1121710
936490
499110
1436800
543140
541920
822540
690060
778390
1260720
1556860
794630
1402460
315930
1058630
996170
621930
514390
820540
1780340
1508450
1129350
212110
718330
1399690
428760
1256380
279140
970980
315320
680100
763860
458060
1400260
1384290
503240
712180
1003480
506900
753930
1505980
613670
335660
1013410
1624570
989450
399780
1527520
1726870
550340
759440
1009230
672940
1371710
3510
10110
1095070
395620
1395230
328900
345640
1315980
773170
631540
895930
1533050
1399460
742490
385980
1453790
666090
1331210
105700
412230
395550
398210
817230
313360
333870
553760
3350
317510
94000
389220
803800
1420830
925950
1465890
393460
1197220
1815310
519890
881560
696990
1392540
1361120
341530
1046820
385410
1892430
288830
575680
444530
654850
425340
394600
1125870
494580
760890
811720
238530
39110
290460
1637700
898720
420100
966180
846880
820700
261940
267730
1457620
859090
1308700
564990
1374410
747540
432190
593960
311060
1420810
685230
648100
1458990
344820
329200
397940
911250
1473820
1233790
467290
320970
252750
822650
786330
765910
642580
1149400
1542440
1132880
992860
1051220
466810
987820
752700
618970
602140
629090
702700
1490130
834920
559620
558790
1298010
1273600
564010
1329600
579980
1447160
1205150
547900
1344740
661670
1433550
1379970
1184570
1364980
709610
1114430
872240
789730
1512840
928950
925460
575050
34500
1335600
759500
284290
486540
359620
1086850
600720
1713810
428260
568500
1717570
1440810
368250
1440010
1338330
467850
741120
293240
607030
607680
1727660
568910
46760
370920
709450
11560
1264220
395350
1227860
358280
1383630
307900
358440
985510
398640
575570
723410
366100
1058710
1755110
776190
1915910
916050
431470
1712020
583930
595120
1000110
661000
1015710
495580
657090
326590
868320
251490
527150
536780
961510
1100500
492180
1124640
256390
1928320
362350
598730
705810
1037560
1184890
1163140
1455380
1666430
916210
16020
1417970
1603860
658260
780720
252050
1397040
587570
508820
368050
975510
1804370
516480
489470
822110
1281170
1563380
839340
32200
891860
1514300
688770
350780
1161160
756740
1066860
844660
1940980
599560
1116210
1783280
576500
707590
1519550
754320
438000
411320
288840
319140
1397110
993170
1766750
1285000
361620
898160
281390
727550
612370
1389410
572240
391140
1529470
927310
418620
1459500
338640
70200
1329540
1377060
1627420
282780
834210
1031700
1037410
403830
397190
286930
403670
859680
976700
1163490
754620
1024970
1534550
1882520
423490
1447330
1209860
1145020
3360
335100
680380
339840
1268400
323250
1056610
486690
292240
887870
373750
1087500
739960
1502160
1072170
515570
1815440
562410
91800
294710
465930
406400
446540
458580
449520
401800
1840490
1192940
336380
303940
223450
501970
450110
1287860
358290
1265930
1446960
524600
1259230
795120
1371700
570050
1144440
532750
1831960
1722020
1834570
945520
1031330
1375880
1430240
324110
1255560
1598160
832610
1779240
727730
896460
365110
443650
670830
548230
1145290
447170
329280
312230
1444670
768800
473670
351720
495090
501480
409630
485920
517330
1540450
321490
366280
597240
358190
841460
787140
1175080
948830
626200
1004490
296220
1680050
391600
1575100
907710
407110
503780
229600
1043230
922140
838110
1222040
889480
730830
745500
1020590
3310
1639790
252250
1193070
323450
1291470
334540
1622800
525040
406080
204440
520250
358300
446440
1999170
378490
890520
1297720
360550
1579010
283820
1574450
873980
1103860
416310
552480
1402400
878110
1978520
1581800
1411040
1178880
449460
1361050
1063070
1341280
1255300
1508400
1383760
567980
828050
820040
1151750
643870
1502760
1613190
1031230
865770
664320
1377240
332390
1191580
771130
1218670
15970
1506510
32710
388680
1559450
728050
816160
1447470
378800
681500
380120
899930
333660
1424890
797200
363530
879670
780280
1178780
1671550
1951380
1361760
434290
486810
370440
1913190
281240
666820
391170
31900
1372220
874230
1031440
1964990
962970
411860
1220900
734820
817360
3050
701540
1625420
307770
420360
299180
314470
820460
461280
782660
1509850
1069530
314510
338060
1825690
655790
893730
793350
691630
299540
398150
1047480
1432910
316810
1448070
1048600
295910
373870
958850
1114030
1005950
587420
1784780
747620
1688100
547260
341930
407000
43100
2920
593490
1365680
531680
43600
1104170
1033700
502710
967490
917840
678830
257030
280830
777350
362160
1055870
343270
610840
596380
598490
1228920
1001140
1275150
263880
1054710
1899810
291930
20710
656970
285980
1183470
828580
1379590
801910
16040
1461740
1409740
687280
867180
1057130
451570
511140
398810
859180
290970
461700
233110
1122290
1369580
1888130
451650
1114070
1475890
313040
532890
1303160
364630
655740
703620
258070
31850
336090
65270
1419190
521980
1455900
1370710
1807930
559070
1061180
931700
1492270
682480
294530
1107620
1389300
1603410
1090490
1452990
496400
370080
1630920
1000540
1415020
314200
560820
1995680
897380
1574250
327560
699040
916130
397770
1576240
1422910
357670
724000
1369830
1061730
610500
965640
294000
654440
491470
601380
758730
405050
334270
1277290
1721350
248550
312400
1262500
276460
1094000
928410
248290
770460
745960
432410
1914580
585240
727310
1374590
1103730
422510
725780
1851630
366230
957890
1063950
945460
779590
725680
3300
1535880
748040
273240
404100
871950
370050
490990
905650
652550
595550
581980
1002
775620
388270
558110
1301620
419700
269590
938360
254820
910630
398100
557030
843180
360520
567780
1437770
355060
539400
1562230
1131920
512220
1022610
1089570
985400
521650
1380430
628900
1649870
887710
624890
1163690
485440
362410
314380
1384620
1920800
718180
1726360
323260
959170
1389740
204390
1515290
297060
1502230
375170
910450
1918450
1278880
1397710
466420
347950
485760
947890
824420
1007810
326730
6270
576480
1979120
1419160
1114130
595100
610190
631980
1181640
268670
1694560
563200
1420680
1497520
789220
1447640
521690
1359800
1742590
991430
650780
1299620
591380
650490
426190
1412040
370870
403410
1259460
628140
1307370
1085630
367300
869370
379600
1429670
585340
669660
528770
543180
1455220
1284740
366640
1402900
526430
1383490
1607820
97130
406310
1227680
1920950
1577620
704840
1460830
1121420
269610
852900
952700
351340
321290
704670
564960
1426160
1310350
1591860
923120
600630
1567870
452120
1453850
1392130
650860
367780
1155830
878580
1830210
440550
585260
364800
1106140
655480
931260
1644190
38430
1064460
1349120
858590
965890
474050
485820
875830
70500
487370
1486120
1821430
447310
1141100
422650
432990
487030
1794740
373360
1158420
379960
1171110
926580
1437860
809240
656210
1677630
1012460
356530
575770
813440
1875810
971690
602930
336730
497440
1481080
458830
972740
706880
1408110
742540
465000
458470
390660
962650
1595090
434090
342890
1465050
1339330
603250
727540
255960
1151440
756590
237470
1047220
586600
1848160
292800
1310650
956540
560730
1509400
1689870
696460
495990
531860
350770
387370
776780
1066230
690150
1792280
789620
1032580
1375540
1380310
891360
1190400
508950
392260
1276090
365480
912370
610680
621050
1304550
645820
1672240
974200
351080
1513390
1167570
1628130
332810
324610
754810
508450
1287530
1486520
1423060
1580380
544970
330660
1491190
724430
12340
386870
806950
909100
319560
1580890
569210
756360
774501
1231880
1204580
549760
582810
1865050
1975890
712770
464450
1116580
1889760
251370
319300
661740
35600
1518300
1606770
1556610
1413300
1648560
1385100
731300
923230
297290
1368970
476020
613190
307930
569810
2002700
535460
1638220
280930
951930
779330
1202650
413680
1502540
1588300
878420
283330
314290
1274820
1169490
361320
1029860
1762560
1446930
763300
1137910
1381650
708990
517320
376750
652760
371890
254880
566430
1562260
1462570
466870
1366000
570500
591630
683530
207730
550810
882710
783120
262750
401120
726120
328450
234350
546600
862120
827000
518670
946660
1978890
1340470
364890
751690
1390000
1400520
1451860
1424190
1404190
1086010
1209770
771250
1003360
1479960
1386040
1703060
325930
20700
812870
548480
411820
856430
926540
1477000
1114260
295650
16030
919410
711070
1161270
1040460
1140930
1621310
1803550
15960
216930
10460
743860
753230
1483110
615770
780100
823330
463030
555930
691280
475090
25808
1727020
1457740
1682970
970510
1061150
383960
547930
526400
468800
1249620
1272030
243020
768300
1010850
1521780
1011630
370550
1047010
363840
776340
1422180
1438440
407600
772700
307130
744520
12530
603090
418670
1222570
1111650
596080
1540560
1013040
680170
954160
1521190
1015090
544180
574030
690140
1070320
1083310
388340
449940
289320
740280
1494390
1585650
689360
490870
696150
1501640
891490
1694970
1820910
8970
733740
875480
329670
339090
1193120
703530
685200
1693040
1349640
1875140
603060
1209410
562740
862210
1280750
289440
304870
320610
740560
1580240
523070
574690
799870
1430420
822930
1182920
1363020
1042530
429060
303470
356290
335690
528730
539280
398180
906360
1268870
449170
1714280
1605600
1086410
41730
1065940
782570
1365630
50640
568130
368760
1857650
705070
1500600
894830
271970
514360
1339000
1812620
264340
1578110
763710
302210
469790
561610
426310
746930
655600
1490860
1049100
1059880
532290
1371350
477130
603220
502240
787120
1105560
315550
862570
1987110
1502950
530860
1085160
331500
315670
1051160
1109420
1819120
1468750
278530
501840
916390
1339170
811270
409910
368640
298400
462910
1116280
1749480
460640
355970
850330
659900
765840
377360
1394160
1418350
665740
1546790
1001990
1031670
1834550
365580
1151320
487330
1422540
302190
767690
403180
853620
1717300
617590
548720
971160
1210590
302320
707110
622040
259190
508740
709410
798650
1877930
1985930
1159640
1484680
447240
587180
1536470
408030
295590
1169740
662190
565600
1350470
550310
1489020
1282740
763250
1473000
453740
279920
278640
1772350
681620
1384550
436360
614100
1196310
397090
1509010
1495830
815150
686500
766090
937580
850050
810230
500670
1672780
904990
335070
690930
385330
1071320
1683340
381320
679470
1413370
1464650
34276
926450
544520
462240
1062040
1052380
349250
500360
578990
1610370
37210
780750
1194590
311100
1583130
325730
1416730
1440130
281430
552580
739260
1558730
1842270
1511830
787200
657990
339290
294460
703480
1992940
1477450
319400
1819210
389190
1697700
763360
320650
1364010
1447140
433170
347590
1087460
857200
990060
417110
32720
1335800
312970
449120
317610
436870
1123450
926610
443970
347230
709920
341710
1666510
1938150
676840
377060
1292020
414720
504390
1424120
303680
1138100
1600670
776670
747310
227800
46700
1689350
1341650
313190
397420
1072270
428220
1085180
920680
346420
927370
397390
715980
571020
1790800
1706720
774321
702160
1562880
862580
751550
516950
356430
1119710
1075140
889990
594130
1563030
1541110
477310
845150
437250
601540
1033420
719590
1255640
435140
1009040
1773060
679270
341080
1581200
1313580
293900
1100150
391180
358420
713680
741430
1492720
1345470
1844510
816040
934830
420770
514670
656880
371880
786410
721470
1098270
1449500
32680
576840
551580
1918890
495290
656450
665270
31890
434070
756810
540510
299400
1215430
1683050
870290
751590
1283580
671800
1877970
1330660
280010
486850
567320
555720
503160
383800
480710
498040
458630
754010
1082890
1835790
1927220
288930
787040
1389010
376790
545540
508540
427810
573320
327500
328880
816840
97120
1135910
509570
306370
1639930
379640
388960
608110
1040490
1064820
943260
645290
851840
830980
878670
380220
661300
655930
778610
302370
885650
1046370
976410
1362440
337350
495480
1361100
843050
473460
273960
1099960
32650
368290
930460
12540
392930
1444700
562490
664750
1514640
991280
1115980
582620
1392490
1607280
1205800
581520
1947270
840390
1002890
270190
816590
1637520
1394570
863840
1082180
1340730
667300
415420
594770
618920
1508730
1417730
1389890
1503480
298950
386050
1178220
522660
1933330
1810620
1525210
1315100
3520
542730
1170190
1078960
676240
1507780
439310
1787420
869930
718500
1671480
359920
430170
438130
1279800
1828910
510590
809830
1127470
1395760
1479480
1511090
733820
1462650
1260520
868150
330000
448580
1727430
1325610
352120
1081670
1164350
1550740
769920
1530180
42200
1150130
509880
727510
1545880
1425790
1228560
654690
895370
643820
1466610
370480
1303740
343810
845200
1669360
1014240
714580
681330
424170
485230
1539780
652050
504700
1219790
1010600
1981530
261960
1102780
1743280
429220
12310
896960
1116650
467820
779100
1874380
377660
822760
438820
1587350
680750
1011860
492170
1394410
744170
279580
461940
1330920
975050
887060
705370
1404070
907210
327880
965310
1106340
951000
60340
676000
384250
1190110
809210
390090
322130
621070
698300
754040
987720
865040
1047720
1239300
764490
527240
385360
529520
898450
1474200
726200
711320
1428820
977490
319280
568200
623810
864680
459130
393750
1627850
615350
925470
463670
621810
1455590
286660
681390
347820
899530
923470
944250
299150
1394240
354620
684050
1540430
1364460
505700
428190
1437980
1875710
432980
1290710
584890
771710
531200
753060
42147
306000
1272470
12570
1144020
1460710
1804870
334830
1443810
312600
687650
741140
1859650
1178430
842810
1461420
814740
371320
836600
322750
1241040
323040
978300
345130
661430
1502620
606890
80000
1078800
853110
293720
1465400
557570
508630
356260
31860
1035990
765850
577490
567140
898800
312900
1357860
358770
270950
688380
365270
528120
873270
621150
1854890
842780
1701140
325160
450850
1299660
908310
954760
1087320
451350
558340
760320
251270
732240
416250
841790
935120
1098840
690980
1589830
530020
1299990
1825990
548680
748480
289260
1408860
1780270
521330
1340160
656510
1595710
614660
1493300
321940
725660
2064110
315830
311910
1449570
1658290
787850
1864710
257670
297330
417880
873930
1060600
782700
1332470
1120370
1558900
802390
907670
1238340
1331410
787580
710470
799500
552920
606000
607020
265750
1215260
1201870
1719200
946810
1058320
1267940
1528570
569530
364480
993110
1337170
327260
1343510
300400
278420
269990
1736980
575920
1617800
527280
1809710
1564080
548840
760660
491330
1325870
376780
390930
418280
262240
73060
1467390
1533470
310490
801290
9850
1320110
283350
751280
1072190
1389530
1543760
325110
380560
988100
1141530
857110
1579490
1292100
298560
586790
662470
1255660
448530
828900
385960
207790
676490
298020
433000
386590
291630
1488820
1624460
661960
263940
859720
813700
724870
1756390
1723730
370170
1398130
1052500
46380
344500
300510
651380
1257250
1419380
1449580
1315810
1402700
1052920
1045680
363950
436390
206410
1147750
534560
648410
326130
1341050
1849570
304500
1348680
449780
1092140
1461680
440020
1594370
13630
1028930
1024010
218660
1040820
1598730
1640540
464880
1258980
32410
1860040
1816890
699160
365900
673210
1845760
571870
1409810
961860
952290
1249420
627620
780820
42210
679110
725270
1467340
1284480
328440
713050
755630
1131460
1004610
1800030
1191630
1308660
3960
709780
1446720
1119980
368740
712390
685240
1194720
1355820
628290
1502260
516600
1328890
398830
1477320
45410
944920
922710
460150
1488620
456780
1215720
510000
1257410
987950
384950
1418020
542930
265240
1417680
1502040
1082700
1342890
432940
603000
1057780
670260
884830
1520690
948630
327940
1430760
1071130
547710
1274300
408960
729060
639230
586880
1977460
1677400
841300
723720
1243220
364940
1178140
845570
97110
333650
904540
1022230
474240
904440
1186860
336250
292600
1713910
1740070
403200
377140
966430
599000
340600
301300
1489970
1518770
1835840
392070
1197820
313810
711980
1445540
1385880
780500
783710
521430
990110
570790
824880
467900
555060
1171270
1172900
696530
1552250
943170
1039110
328470
1663870
746620
1796100
1406140
363410
1081320
249570
1020330
551690
587540
1111540
688170
1456650
1449430
43190
812160
719120
1328530
395900
1392960
1420720
1652990
576980
812450
581300
304190
349020
785840
402030
1193350
1788780
451960
1214320
1352660
492280
879650
368860
548370
360590
790290
352240
618950
993090
1338830
433380
423770
263920
298840
1437020
536990
1537820
586310
1057420
1379110
848280
449550
389690
1195020
1056180
1203160
1743080
782300
1405980
838510
288020
501500
959730
1012610
825450
850820
1561870
3460
1568060
308173
1362260
593530
1135830
499100
289820
359140
977460
1218360
1296010
1184840
876110
1273590
340360
1154840
1147940
436290
1808900
662700
906680
3570
1200060
206250
615250
910830
1552310
345540
933860
433100
826940
1071290
1269110
1838670
868890
1510950
1201280
395420
260550
1388370
1483350
6210
2050430
1145330
531730
1430070
788700
1111940
1204990
870690
712530
358410
341020
1380260
700060
1870320
476700
373610
545050
1573720
1214330
536450
317320
1213670
717990
327150
458770
1485970
1220580
583620
1269930
1653910
46830
1411410
1406900
629840
489600
733210
581220
1735940
391240
929200
1035800
223410
971030
381100
1094060
1047410
1827840
489570
1585540
262920
1477790
1371620
1096290
1113570
556740
1309870
1363490
1414710
328920
657470
1379380
661530
1536830
420180
304950
899160
827050
248510
928940
1602930
828170
1496640
1442150
1731470
772680
263420
904500
293980
747210
1794400
949370
960980
293600
300280
666960
604830
459040
673450
650330
330470
617420
1458330
1534480
319780
1105810
1071740
546090
391160
712380
1124180
302160
896890
931000
603140
300900
1689980
316080
214130
762840
418150
649580
920320
611850
999830
1432220
337110
743380
1053960
365560
1847750
1232920
1065260
737890
892760
1077520
548710
1518430
936720
1982810
301990
437720
513570
1420850
910190
421660
1437210
1708460
503100
4420
1786790
630360
546410
34312
508990
542280
65500
413870
1506430
687750
689830
433750
3610
1346850
965830
31200
1262190
494670
1347630
621020
457810
359560
1148670
17120
1122970
935920
34317
1482970
430890
247310
1943360
357370
244410
1138150
1063980
683960
1702550
496190
601240
512230
719610
741320
1342600
1252830
890300
314210
841770
1289330
798840
1509830
341160
1553200
1468000
495780
842660
366700
29120
6090
985430
605190
1851680
523600
613470
266250
1385460
1897140
1980600
462990
382160
695970
1314480
896500
602080
746270
1334580
772160
1092150
265990
397580
1552530
533180
1013540
1113370
878780
579150
409520
286240
230700
399000
450140
375440
713580
1137300
2015860
547390
671690
746420
1077080
292090
1605760
983070
373480
953840
1366160
824620
690200
304460
270570
1096900
745850
411760
1703090
811870
654550
800230
308330
1370560
1368350
3490
729270
1118840
520910
521580
289220
1697940
1807150
431450
557790
536560
1174390
369100
610570
256030
705290
1382870
566540
1415480
1865890
778230
893120
1572340
405550
621080
1354230
1368560
468330
788690
793050
299050
494090
724490
1774980
428350
786750
358310
787220
305390
1461190
1611110
1202310
1208520
1301990
429020
861400
1120690
366960
1356860
399600
306950
1051690
1333090
987850
1217860
951430
1078760
500500
667270
1843090
1341090
302730
1353330
708100
1340180
1051130
467760
212410
369180
747970
1361660
297310
846800
1810220
1491770
368780
1766270
530820
241790
315340
701930
904310
1606030
1274200
1400080
270310
501050
1142830
248350
1185360
1134450
437100
1047090
244950
1629200
333760
1414920
1695040
610120
987980
1007440
547820
596810
790450
1010870
575480
888790
1247020
1175490
302180
315850
488280
490510
787750
428250
893500
761280
911550
1217490
1411180
31920
388160
661990
1369400
629000
500380
873220
1252040
352780
635310
953690
726580
848550
1554640
345580
991740
955320
600430
1398750
1403020
856600
392080
458420
1233880
1525540
116100
1014040
334560
402260
1767760
532920
357890
306620
405970
540870
1800900
351410
1295700
1352300
272330
587110
881690
360720
447800
893050
799340
1055760
584990
335010
1942580
1306750
798790
833090
731920
577730
338980
410120
537200
1757360
48150
33990
385590
704210
922040
1370660
952850
1385570
1565060
500870
298850
347940
422920
827780
1452630
1289810
772670
42220
584860
1326000
349680
912560
895220
216130
1671440
920580
42230
923890
987230
986320
791700
600580
33620
65400
409890
442290
562340
1072530
1049880
1257720
1808920
1207880
913910
1251210
1523130
847360
519870
1356380
1364130
834470
1676870
357930
390890
546200
343340
1750570
1419130
296850
38450
444260
286520
415170
277500
325150
1416230
787070
840100
715510
941570
354030
783050
416350
337980
448790
877010
690250
461390
342860
630030
1264090
665060
664050
432500
745750
1624620
1448650
704360
446120
1245430
488480
243280
1512800
1286330
758930
523710
1483010
1370130
1208470
439930
1395180
931320
1278390
1336210
316840
611180
1417490
423740
420520
301150
1785080
1590790
2006310
1240120
349730
735460
553820
547750
285670
1871600
1102750
688650
12590
665040
935110
1579190
809230
1279450
792990
372690
321030
1009690
498050
1456200
1404360
1290390
358830
562840
374010
401820
824170
1548870
1544740
432240
852340
1489390
670750
293200
809880
811320
863400
1102980
971210
32750
1547900
1980350
1007390
781800
891960
757330
1638300
1766310
530560
684210
917150
783330
427680
835520
1525440
1328900
1360550
530520
1471530
636720
1314160
1737620
104100
1810960
1731520
301670
1440890
554150
365120
337070
253350
1279700
630400
202690
714970
1007400
375500
1665520
667510
1777090
1036340
806580
543100
491220
354310
302170
1162130
1396150
575750
852110
377880
1217330
1600840
595640
495700
359940
984680
273760
1256830
828640
955870
419090
789540
355680
425820
1025990
347040
509930
664610
658760
1258460
1068680
486460
342450
880130
1060300
809250
1373180
664140
404040
395140
546550
527810
531990
1288030
1772070
576800
267670
901147
311840
792050
597090
1532680
1423600
795420
1070800
446840
1383850
1910680
12440
1634680
628190
1196880
1851240
1147200
1101360
926390
265670
252070
528270
538920
1569350
1184760
302690
502150
311800
1893210
387010
1403350
1497180
710610
31190
548280
1456230
600990
466580
333880
1443030
823830
1822910
12480
466800
1032670
1079630
436230
1710580
1779650
1568650
675720
1390380
694770
291070
252570
1385210
1340910
711130
259410
1428630
619280
1112690
1239050
651520
327370
911230
90400
557880
1880230
793060
339850
425240
895210
1712310
1010170
884900
763760
967210
709440
730870
551080
377670
312360
1072640
1535790
365240
754800
316950
433320
760350
1554160
525070
501930
724130
211800
359960
889750
1277940
1315250
1398740
1353860
1162700
831810
1812840
6080
257990
1043560
855050
307010
676500
1085210
23500
1549980
506510
1986010
1568920
732050
374240
265170
435420
306550
754500
1293540
1097120
1203570
916930
727340
1413010
362660
35070
27800
1862530
314320
1102210
1421790
348290
680340
1000410
801260
1453140
742170
686340
49320
1396890
608120
358360
965620
317020
9980
377080
1356970
1477870
639470
2020420
1456630
1304340
1693460
319870
513360
1026880
758470
351480
1210230
935440
1016970
815290
975230
443020
433920
1047340
597210
528430
1218260
974220
321080
821790
1001860
562730
1125240
547340
312350
1424250
498190
1355760
320790
727530
1805930
1592340
1348250
1471250
1562440
428270
512550
672860
1434780
673940
1420740
886040
1636850
385490
774791
1697110
1369410
1580150
476510
481600
1863630
215550
1293040
485430
1614850
397990
1212400
630060
1103130
255260
873200
1815750
583040
822800
298340
968790
911050
1054090
613450
1144760
1437040
1991900
1166860
562620
400800
1268040
787940
383560
809150
312790
946650
1431230
1932690
552960
1751110
883100
399230
1801470
679750
449340
1494950
1889930
1162180
416360
660160
1174860
276890
637410
356510
1121650
630140
1229740
1558510
861160
734510
384310
1786490
295730
1526020
333210
913890
870800
858630
8310
1456290
1590970
540150
264580
2910
331880
346970
1472740
1167950
685750
321330
415850
1717120
1288930
71120
842500
846820
574640
949970
720300
1089520
350500
945540
1995940
1400100
1079610
301650
1203890
1342220
1286880
283410
1984110
1125110
406130
1153640
1004270
1077290
450950
344440
1315160
320110
752480
502280
472870
451990
289300
384550
395470
400470
908180
1583880
377120
861350
1050160
620310
689910
751470
32660
299800
355410
690120
1574610
1248360
200130
1076920
1379830
448020
799510
614950
614530
767200
1193760
1669130
459640
623310
1121270
275350
1036440
440750
1587540
1508280
303840
1240350
509850
533330
1493240
604300
820790
270750
347610
723890
1878740
342080
1489010
1541710
1684710
549390
1206930
693800
978250
565020
10230
302390
277510
1085270
368710
855580
904360
1411330
32310
334710
981020
1348060
650440
1605640
1181400
1433940
1351630
564150
1597470
1719770
1400070
1565150
1341660
760330
739190
1078280
1138300
784940
1078360
291250
1163660
1460510
32610
400740
652660
1745480
1050010
859350
46740
584930
1547030
354730
1079230
288220
628160
786820
218700
1071240
1612780
365150
1546930
999760
547040
1959490
293440
839450
332250
1697630
674090
1561430
788420
1701380
677020
1585020
92700
1169200
31910
21010
1591130
1593920
346770
383540
345080
337820
578900
1560590
416200
887850
449470
670100
444880
523900
815450
657810
473970
1559680
1455120
372380
1066130
493320
569380
408650
1856090
1361580
373990
509960
836490
291030
302950
1557760
840310
617620
1617200
922500
468070
603870
395850
509540
776580
1168990
1004750
1470320
512490
427860
1894990
1318520
880580
374060
1726190
1415110
935400
700310
1484960
35310
450290
1370720
1422630
1347550
6400
384080
585090
528250
660330
71111
1525410
1877440
549260
958680
390540
724300
391310
513320
807050
292330
816270
3580
556860
580010
234820
949830
585750
1937850
1437550
329320
713530
577280
1703040
15400
428860
761070
1677480
1262060
438320
1289640
204760
266290
1777380
551190
1154430
1311320
396090
437690
1005240
1297030
1361150
864300
368160
1146230
1028570
513150
1069090
1801030
637060
553590
385260
738840
780740
544310
2024230
529150
324470
470450
689710
1343140
592030
502210
783220
549400
852250
1560320
1506520
1095040
792410
590690
1831520
1879720
601530
348840
1360190
851180
1183580
1379550
246800
530920
1714960
673850
401360
512770
31210
257870
316750
576730
1257950
405650
1401360
384930
1501110
1078490
523960
602790
533170
1561670
600410
1101060
774561
664120
656220
1569180
1252160
3530
307990
252910
1615750
358810
1882040
1380390
1354540
1550800
1699960
1334700
328940
1911600
1687940
299160
384840
278810
368970
650110
1524230
1754390
1160360
387240
238630
1018000
488080
620940
338800
1444480
570980
1393410
1119620
582330
748610
1018160
1557700
1701670
1503670
657690
356280
512260
1598710
764390
935930
1493020
885730
374190
1394700
1479940
332410
370730
320760
1120360
404180
1080090
822550
820400
804870
1137350
372210
1551830
289380
837590
963290
601640
765890
622060
1340130
584220
1413260
1850840
493450
1437850
586960
415830
1522300
1467590
1764530
356890
1368810
794270
1927720
435840
1048950
1014880
1591420
805590
464650
1131230
1253030
1264920
740790
324770
1395450
403850
393230
1036740
1258930
429830
1859800
603130
63650
1470130
753660
408640
1566220
705750
347520
32620
1414800
1804590
1082650
474220
931930
1400390
1165860
1071490
405180
540100
207190
1712840
381010
1279630
1145340
1696670
675370
1100930
779990
1534900
744270
403440
1457690
1133320
932190
823040
562330
1162650
1131540
1172520
587810
1907020
814680
986020
1747110
1554400
575900
24410
339040
302650
1109690
1785600
1344840
331720
528160
390610
489930
502200
1631170
438720
448160
1000760
358330
280560
1241810
770070
296890
683810
282050
861710
1425250
1140610
430070
535260
323780
311190
685340
414190
305940
1481630
677310
1058060
1445040
1707560
1489830
1184770
664090
491720
1967320
1148400
332620
1147450
552080
577990
1062100
224040
321410
419080
377450
1917740
1781380
342090
950050
1443360
444970
35300
538060
688060
1355050
1364360
348860
294590
1019060
1670
853450
536680
771310
1658650
1435670
1767560
1088440
351400
1195450
368000
1226420
1354830
1157100
548340
752580
394680
1823900
1339410
1373430
1172830
628040
1524340
1360430
771350
802450
58400
574270
300610
491620
663190
1480690
1267950
1136110
844350
342990
919330
1657600
1013680
577480
510650
796910
661950
262980
892960
1812140
891510
637050
333260
1252710
521670
1081720
1175200
745000
464620
1401080
854510
377980
407720
1168250
1144970
467090
254370
905450
495960
600460
1431240
433400
639840
690740
306630
409850
57700
273860
1324730
1498490
583740
500580
1266800
685790
626630
1171120
280910
865940
331220
1659710
303550
1047170
772480
1045620
288970
1479460
1611060
556780
378850
778810
1420290
1630180
843250
1009450
1049400
1816380
1567680
999350
57000
560760
370660
556640
501760
1777950
780120
819640
1069760
324120
1516080
806160
563400
659480
280460
871850
890970
691770
528190
430080
527290
434620
1460230
412050
1480910
453390
366970
382350
454320
488580
827640
654900
827920
1442410
295990
1108740
409380
27050
1638410
485890
1708030
606370
1521870
550440
1508460
492150
834390
1641510
1773110
368770
1339750
722910
286830
677060
1565180
1135570
872680
38460
1088870
1435660
377470
1881950
371620
1149550
525100
828960
351420
457670
664030
346780
406940
294830
964050
1076550
211120
823420
439440
718370
1743570
1259510
1375530
733460
328310
324760
935580
803390
316180
1503820
2010410
724180
1494470
291960
341120
1839600
1346960
331200
660980
1407860
1055380
1005630
513600
545010
893330
425410
1670880
801750
1907900
758480
21600
392580
1365550
1927570
1834620
379420
653940
544870
868100
428880
217290
1061820
1068070
1240810
1031110
412670
646050
561440
527710
412730
359220
952950
275830
4230
1263110
1121720
1271050
906480
1596540
846530
1002200
359440
1686680
488920
322080
598820
459830
2000360
657040
1251910
303290
338840
314370
576810
525240
393150
1048790
1643460
1411740
1342640
1433040
34274
1227580
264220
427950
997700
648780
618510
828030
992910
858760
852220
671980
1740850
1404870
730090
452440
1349060
445170
779050
553880
688500
365880
337930
474910
573600
611620
1229420
1742330
691160
396060
1090790
551500
521880
265950
464080
950360
714610
710820
322900
351240
517360
1497680
1408420
29130
314340
418040
1434480
864700
591790
283470
363460
1008510
437180
361020
404080
440120
1837630
468930
291770
565720
1260400
311080
1439930
447950
522940
786570
734540
1350630
462730
1709900
273840
1476330
1175180
928370
712080
802880
297570
277930
338960
370700
844420
1949280
409420
1575900
745670
852500
1334840
1102880
1087310
787990
1390010
262550
518120
882210
872700
1309610
1854940
1309850
1165820
464440
1989800
31880
359400
508600
689400
1252560
948900
504380
1454030
627820
774421
1249060
33760
32110
322980
263100
658700
324420
630310
1914970
338710
275060
1059040
683840
1558420
1391000
1112830
1299710
1122680
1498110
390720
840620
397160
718720
845880
332400
318970
1174690
437090
467320
1522280
1201760
769200
870140
490080
843860
765160
1433910
690560
1015720
24640
367080
544630
744260
1590660
402940
619890
456180
438790
595690
1418010
589640
1106080
537630
311820
466110
1486800
1639430
747850
314180
518040
283430
314730
991560
1728560
640990
576690
253150
1780280
1234190
651340
404050
510370
907330
1153950
1499800
273580
1682410
1176460
556750
750520
1772750
1262460
747770
514200
1044340
1743610
1363470
1137320
1955330
554600
352070
1709090
345710
652190
556050
965670
729720
951640
379320
1552760
560050
1271580
347600
726070
1369770
1119600
433290
412620
1151610
1360080
714620
1476220
1502250
1092400
1522770
1716120
1269890
1871510
1506620
36900
320520
525690
1379320
676420
1133780
738610
823920
481870
463880
1990790
1855040
1426110
1887250
785130
1586880
1041100
554710
446830
1919040
1275810
645690
790540
559870
838330
594680
1500760
318860
292820
677220
1190170
1487120
1168840
1731120
1229810
453300
472420
734590
1152210
1524530
1375450
414510
842910
1060220
498620
332260
611120
602700
882940
975120
726360
873230
453690
893390
593640
235070
384000
579050
523170
1480480
1744910
1379980
430020
496320
689980
841660
1101180
677480
1004190
1026160
386970
384630
273940
851930
600740
408250
1502790
334190
373730
705160
1606340
644080
490380
259810
646600
1090250
662240
882020
877150
352190
434680
1034860
1363140
375840
770090
339320
342360
950990
862440
440640
336780
338420
509860
411310
668830
1732800
656680
1055660
809720
834450
359280
1058270
286540
849320
444420
1372300
589690
658980
721430
544390
714370
769950
909820
514470
1451080
1018930
1020340
348340
1463890
1763050
1583000
615340
313980
1012830
1019940
44600
473610
652360
1200330
303870
853580
4900
1724440
345370
1044620
973090
1285160
1419370
527420
1417400
1011000
1316640
854860
343000
1361230
731310
1789050
1131240
952420
1155120
1678590
821060
497580
579940
27020
1065110
1392170
644200
881490
771950
665330
956450
1587390
486720
1089810
1436650
792080
1611830
1446650
260710
1821490
1600330
1615100
299110
1125420
1833380
976900
443880
585880
1455360
290490
865820
46840
386110
1101760
1430200
201070
7260
440810
485640
369390
1917920
510790
1383200
841350
518730
521680
668350
60350
854250
524250
327060
1543270
45720
617440
864540
109700
412450
921070
1424520
476530
658160
1184420
485570
678290
1883260
2005660
1128100
1623210
1648590
612240
1033170
1068300
1042020
1411710
1791300
1132030
954280
367040
1020730
974450
560960
283600
944120
960320
1836280
765650
1348700
727020
1464620
1426570
1347710
1473050
40340
1830270
643880
341690
700910
314220
937940
1680070
1540600
359040
448750
1247460
895420
1258870
777020
642560
568750
379760
1513090
567210
385810
46200
1346800
296730
1376020
520600
1168870
1377370
553960
274480
397320
1503440
516130
1566740
1313090
1515900
1164760
1160040
459020
690810
444770
4300
646820
403860
1111370
603020
1078970
629650
371360
514310
1611300
391030
451000
420020
1036950
386700
384680
526920
743190
1842930
1352850
650750
1457710
292060
753590
458410
531180
1022040
1426120
584370
555320
850980
1256550
335700
822530
823700
562520
1030060
971230
691320
502720
300340
297490
1842190
293960
268360
1509770
404920
1255550
654610
1208380
1445260
597700
415740
402620
384010
1504030
1572040
1395330
1034880
739980
285520
723210
628030
1804570
1566460
1126550
1500490
1623240
877910
409340
1543970
434300
2013300
958490
1725440
396800
863460
57800
850690
465870
65070
404630
1831550
1620340
375330
612510
1437270
1887020
1572190
3400
1807080
1923420
1215180
655290
1717800
273730
389310
1060230
1097430
2063050
1747790
1811950
1263620
1295920
1575470
2090450
1556490
1247580
1906870
1662140
1990050
1599860
1324350
1379580
2098860
1968500
2082290
1943950
2057170
1693300
1514190
1488070
1760250
1294420
1109680
2075250
1442170
2084410
1611430
1131670
2106660
2102940
2107810
1937750
1729410
2019990
1148760
1682060
2055220
1866420
1372110
1463010
1350200
2083280
1547860
1141580
1293730
1827690
1099640
1967510
2116930
2061340
1723530
1726400
1734680
837880
1350810
1636660
914930
2130510
781180
1696080
1718130
2129720
595500
1602080
1332660
1039100
1378800
1276810
1258520
1773180
1193090
1824150
2065520
1829470
2113540
1902790
1954200
2066460
2106450
1969230
1728840
1839940
2086270
1688080
1525190
437440
2158240
1220170
1677770
1950440
1380910
2144460
1477700
1898290
1588010
1930600
1731070
865680
1605320
1253010
1903720
1965920
1182900
1454970
1114950
1016180
1036640
1868140
1901990
2166310
1300920
2090700
1840730
1171320
2174710
1928670
1262350
1931950
2183940
1776380
2146520
1967390
2190250
2186740
2178970
1574510
1730590
700820
1252000
773750
1544000
1981570
2155710
1849900
645720
2185490
2196100
2078780
986040
1848130
1772260
1734370
2191920
2096600
943370
1723560
707950
2094750
2096610
2197600
1205520
2126500
801550
1269370
1732920
1479400
2214840
1711610
1286580
2203690
2195530
2203700
2116890
2203680
1527890
2186380
2186500
1604600
1642790
1963080
2135970
2209660
2179720
2201680
2167100
1066760
1927030
1872680
2060320
1334110
1321680
2190390
1949000
1620290
736820
2190290
1573090
2230790
2206340
1935660
1920480
2124420
1623070
1532690
1922550
2237010
1452210
2235350
2206310
2088160
1817110
814000
1035760
1790370
1741400
1290960
2241220
1883840
1125710
2120900
2073140
2071200
1318740
2164790
1254320
2025320
1546970
2223590
1547000
963730
2220980
1450410
2224520
2231450
1821680
2239000
2269120
2195230
2267350
2267220
2195750
1757890
2254750
1282150
2020030
2251620
1592540
1713990
1500540
2070510
1629910
1413660
2293510
2258830
1981610
1998340
1820770
2098040
1646850
2197890
2061150
1398210
2206150
2064700
2101080
2290610
2309460
2255820
2222220
1960360
2200780
2297540
1825210
1080680
1125830
2309550
1839880
2310980
2198570
1743830
1783360
1971800
1814230
1522960
2095130
2157680
2321270
1582200
2255730
2180150
2303560
2194560
2130460
1985810
2000950
21640
1917830
1624540
1999770
2280570
2304310
2341540
2347460
2320660
2109370
1409160
2340190
2015360
2356220
2291760
2342980
2290000
2334340
1576280
2322060
2061430
1358700
1693280
1663220
2094270
1967630
1217410
1118110
2088030
1949030
2321210
1934520
1860510
2109430
1091920
2176850
2205260
1798010
2243560
313870
2269290
2202760
1911360
2356350
762370
2160040
1293460
1575830
2014380
1267210
1701520
2091300
2395580
2322320
1494420
1802550
1423000
2393670
2340170
2378310
1547670
2234890
2389700
2380360
2400280
2248760
2115850
1724770
2314650
2008100
2389360
2305880
2390520
1520420
1607680
2380810
1596730
1561040
1265780
2404550
1644320
1649010
1316760
1426010
2430770
1903620
1868180
824090
1431850
45730
2319390
2021040
1769980
2410260
2193050
2444980
2153430
2442670
1952370
2360690
2355170
2304620
1205040
1707550
2196850
1432100
1968360
1164940
2464680
2274480
1465550
2457700
2084000
1859270
2419880
2345440
1515640
1584940
2092850
2303350
1155100
2437430
2291880
1161590
1574260
2431600
1425590
2399190
2317080
1780100
2499880
2236300
691790
1531020
1638230
2495270
2519850
2418630
1467920
2497610
2432660
2502220
1256850
891090
333220
816610
785680
205090
712790
788910
1435630
884200
897400
752720
346610
417990
685950
1392000
892650
1091100
366810
37010
1198890
1474780
340130
684300
722210
1514980
548090
344240
1355300
1342280
263080
686180
452540
1419430
936040
468000
365190
350220
297100
689650
507360
1068130
1449540
1608740
486880
819080
850950
402430
853140
950600
1512890
967180
915140
572300
1432730
511440
1488040
389850
340120
1634320
1445050
1491290
1005580
8270
628720
601770
461680
688480
595110
937360
1323580
842030
845530
295850
816660
270410
548890
1481430
719430
368980
1422090
749780
312430
727090
834060
573680
699870
825190
1567960
639450
1054040
251770
1884050
913970
970680
1036320
1273390
511750
463700
1449300
8260
1895230
378930
428440
688400
1058150
1097800
409370
259910
1881610
405370
839540
310870
1404350
416020
37700
826580
909490
1128200
2315130
399100
768740
648340
599010
523190
800160
1039870
1023020
459440
65710
676480
864920
633130
344880
802020
808550
465430
682620
286440
366040
1056500
820750
589240
611260
301680
602490
458890
418310
709480
411540
31980
682420
451230
922080
911260
210870
799300
739810
952090
453680
814920
953440
1016350
1654660
2090760
1893820
1989770
1620520
1652250
1161830
1077510
2227030
1407180
2281650
2400340
1658040
1310330
1959840
2082350
2072660
2273170
2601190
1346020
2642080
2310630
2511030
2314430
2569980
2076660
2627240
2488890
2587370
1759350
2309400
2542520
2168680
1437400
2536660
2572320
1863400
1270460
1960110
1931010
2591520
2392640
2109600
2536130
2578710
2383990
2141770
2022670
2553350
2503900
2074370
1170940
687800
1059900
2630500
2464120
1497770
2622850
2005160
1963570
2531970
2644620
2451110
2663520
1243850
2434490
1558830
2298650
2055050
1892420
1771120
2390260
2008530
2338200
2603830
2636670
2508030
1932180
1844380
2254740
2131650
2543840
2259220
2514960
1154120
2636930
2499470
2636570
1707620
2478430
2182190
2542650
2559270
2000090
1822550
2338140
2584470
1333200
2602110
2498580
2398940
2460450
777390
1895810
2490160
2587830
1807430
715680
2403620
2318630
2613530
2357400
2055410
2671480
2464880
2362300
2521940
2335540
2553180
2561500
2574840
2521970
1469610
1170230
2374420
2248430
2642890
2272400
2488470
2298010
2292060
2635790
1638950
2298950
1796220
1156060
2134560
2596460
2422450
2534020
2388460
2183360
2653540
2409680
1845670
2497280
2503190
2017080
1479140
2414650
1615000
2582540
2562730
2603880
2184150
2577770
502050
1687000
2598080
2603450
2439710
1553710
2615380
2390530
2461600
845160
2565180
1642060
778620
2371560
2508680
2536840
1644940
1882500
1501820
1564790
1689500
1877850
1951230
2629610
2607170
2083210
2391350
2181700
2623050
1020790
1159830
2618840
2564770
1603180
1402110
2684420
2465090
2459100
2394880
1877320
2348610
2649530
2064870
2635460
1405010
2183650
2558830
2490440
2027960
2599950
1274600
1692240
1580180
2664330
2131630
2589510
2089980
2328310
2686590
2642640
2680330
2685490
1983990
2287520
2704270
2707090
1779080
1768650
2268560
2708180
2693900
2259530
2700060
2633340
2535570
2234690
2343820
1553000
1629350
2511500
2676840
2056210
2500420
2753420
2186700
2276830
2676700
1001270
1973280
2187220
2778600
2076010
1064120
2721680
2642230
1924360
2417860
2778250
2050260
1746030
2114300
1479810
2765600
2445340
1877020
2745930
1323830
2190220
1251360
2666080
1662210
1895350
2756960
2230980
2641830
2726450
2736210
2088280
1759380
1903910
2758000
2676390
2579430
2399420
2731640
2824770
620410
1273100
2492730
1953620
1996430
2374660
2745860
2084450
1876880
2722380
2646120
1375860
2616430
2203860
2616460
2659900
2815680
2075720
1664200
2848500
2734250
2569820
1734070
1693340
1808680
2726020
2848070
2216660
1394960
2204130
2774380
2741560
2635350
2832620
1496590
2725260
290100
2879240
2051620
2480560
1800390
1373960
2381740
2801830
2868430
1536090
2283330
2812240
2132850
2912700
2942690
1293910
2501750
499180
2687960
2201810
2934400
1671720
1456760
2979110
1989070
2778540
1610520
1266540
2933180
2525810
2060790
2085760
2864890
998400
2545740
2488590
2081080
1875060
1113010
2195410
2701900
2918480
2103470
2409260
2548200
2894940
3018140
2647510
2195120
2611800
1451470
2652680
2559950
2556990
3042370
2805920
3056420
2816710
3018750
2995830
3037470
2710290
1578340
2847830
2839940
2239960
1978590
1712350
2776500
3006960
2964580
1574820
3062720
2470300
3028920
2961970
2860330
3070380
2888830
2661780
2224640
2307870
1978690
2926110
2990250
1865930
2878720
3057890
3054610
2658640
1619230
2655800
3037550
2865580
2678910
2803360
2307350
3072780
2685670
2276420
2983780
2510710
1967220
2993740
3019370
3082620
2716930
2428260
2400510
2744390
2416190
2458120
3011440
3109500
2073880
2429350
3023190
2396980
3008210
2669860
3075050
2721530
3129820
3161180
3102540
3029990
983380
2928380
2582560
2793380
3134590
3044400
3160260
2490990
2747060
3150050
3085700
2840460
2920570
2908950
2849680
2144640
2409250
2067050
1999520
3173620
2853730
2331920
2866780
2401970
1888380
1668620
1121320
2579270
2462090
3158260
2964190
2334080
2578910
1791590
1713350
2967990
2279450
2468100
2329060
3107620
3213700
2817620
2360210
2821830
1622350
1825760
2182290
3103660
3173930
1627570
2818210
2293310
3088000
3221490
3146680
2193540
3229170
2228280
2879770
2102450
3142060
2410170
1699900
3021100
3078540
3193520
3070400
832500
3008860
2646810
3097560
3053200
2999940
3004340
2093920
3199400
3246770
1819460
993030
2214880
3172530
2357410
1474930
3139140
3126470
3048140
2103510
2594540
1691190
2751000
3134540
2719060
3087990
2473640
3138640
2810170
3067340
2118810
3233080
2882610
2658450
2917350
2769210
3251370
2884190
3064550
2501600
2458830
1522160
2420660
3080880
1594060
3173890
2793250
2826800
703680
2462520
2704930
2025310
2438440
2671590
2288600
3260840
2782610
2467810
664010
2021880
2603020
3008960
2909110
2400160
2266640
2630020
3024540
1933840
3099670
1564600
1648190
2210050
2897730
2570210
2313020
3099660
3262600
2809820
2998750
2996200
2963720
2852590
3226700
2389040
3103750
3052500
3188550
1517180
3133140
1864950
2684360
3196040
1454490
1671740
2287330
3303790
2277090
3046120
2870170
3148490
2124120
2991500
2986600
2827930
2707490
3190590
2561580
2886470
2754690
2928520
3082950
2669410
3137550
3294330
3107090
2751010
3248030
3243190
3168260
3234420
3179750
2123640
3122300
1481170
3207740
2868400
2300340
3292540
3255650
2840190
2219450
2842040
1903560
3170800
3060210
946880
3024760
2963550
2685900
1866980
3207810
3054290
2997860
1655990
3213220
3297600
3355510
2552310
3166590
3006200
1483750
3319570
1709880
3324030
1939100
2918410
2816870
3307980
3151710
2985740
2678300
2739340
3071660
2644610
3257360
3342630
2957700
2360350
2353250
2647680
2421310
1708770
3259470
1975580
3196570
2916430
1959140
2720280
2997980
1849790
3295230
3191310
3329080
3235580
3344410
3325260
2964430
3299460
3276540
3323670
